1 1 10.0 2.01 0 0 3.17 31.73 31.73
2 1 3.09 1.75 25 25 2.41 7.43 39.16
3 1 3.02 1.33 15 5 1.39 4.20 43.36
4 1 0.880 1.01 5 5 0.80 0.71 44.06
5 2 1.09 0.800 23 28 1.01 1.10 45.16
6 4 1.33 0.650 31 36 1.33 0.86 46.02
7 8 1.22 0.583 29 34 2.14 2.61 48.63
8 16 0.796 0.471 33 30 2.79 2.22 50.85
9 32 0.803 0.367 31 27 3.39 2.72 53.57
10 64 0.880 0.347 34 35 6.05 5.33 58.89
11 128 0.900 0.317 24 38 10.10 9.09 67.98
12 256 0.591 0.249 30 44 12.47 7.37 75.35
13 512 0.449 0.181 38 39 13.17 5.92 81.27
14 1024 0.337 0.134 51 47 14.44 4.87 86.13
15 2048 0.257 0.101 55 60 16.41 4.22 90.35
16 4096 0.222 0.077 59 60 19.07 4.23 94.58
17 8192 0.158 0.066 56 60 28.04 4.43 99.01